153.631 0.043578349
154.91 0.046559325
156.187 0.049736419
157.463 0.050363993
158.739 0.053188076
160.017 0.053227299
161.293 0.056090606
162.569 0.053423416
163.844 0.052913512
165.121 0.051658364
166.396 0.052560502
167.671 0.051972151
168.946 0.052638949
170.22 0.055776819
171.496 0.056678957
172.77 0.059699157
174.044 0.061621102
175.317 0.062680133
176.591 0.063150814
177.864 0.065974897
179.139 0.065621887
180.411 0.066563248
181.684 0.066563248
182.956 0.066563248
184.228 0.067112375
185.5 0.0653081
186.772 0.066720141
188.044 0.065190429
189.317 0.065582663
190.588 0.067230045
191.859 0.068955874
193.129 0.069269661
194.4 0.071309276
195.67 0.07181918
196.94 0.075584624
198.21 0.075270837
199.48 0.075349284
200.75 0.078487154
202.019 0.08099745
203.288 0.081664248
204.557 0.084606001
205.825 0.088018435
207.094 0.088096882
208.362 0.092411453
209.63 0.094058835
210.898 0.10060914
212.166 0.10731634
213.433 0.11539635
214.7 0.1282224
215.967 0.14665738
217.234 0.17030908
218.501 0.20333516
219.766 0.25397254
221.032 0.34320573
222.298 0.48684056
223.564 0.70064719
224.829 0.92975093
226.095 1
227.36 0.86205138
228.625 0.61423809
229.889 0.42514218
231.153 0.30743401
232.417 0.2418133
233.681 0.20462954
234.945 0.18160541
236.209 0.16317043
237.471 0.15450206
238.734 0.15026593
239.997 0.1473634
241.26 0.15465895
242.523 0.16317043
243.784 0.17752618
245.046 0.18097784
246.308 0.18227221
247.57 0.16560227
248.83 0.14602981
250.092 0.1317525
251.353 0.12273112
252.614 0.11645538
253.874 0.10982663
255.134 0.10684566
256.395 0.10402157
257.653 0.10786546
258.913 0.10190351
260.173 0.10421769
261.431 0.10672799
262.691 0.10661032
263.95 0.11131712
265.208 0.1129645
266.467 0.11343518
267.725 0.11822044
268.982 0.11935791
270.24 0.12241734
271.498 0.13030124
272.755 0.13677309
274.012 0.14293116
275.268 0.15108963
276.525 0.1614446
277.781 0.17407452
279.038 0.18733203
280.294 0.2102777
281.549 0.23440008
282.805 0.261778
284.06 0.31017964
285.316 0.3685048
286.57 0.44569523
287.825 0.55159835
289.079 0.6833889
290.334 0.80035301
291.587 0.87409296
292.842 0.85228476
294.094 0.77446558
295.349 0.68727201
296.601 0.61153167
297.855 0.5649343
299.107 0.5305354
300.36 0.49256717
301.612 0.44695038
302.863 0.3934497
304.116 0.34469621
305.367 0.30515905
306.619 0.26660247
307.87 0.23341949
309.121 0.20827731
310.372 0.18646911
311.622 0.17179957
312.872 0.1534038
314.123 0.14410786
315.373 0.13367445
316.622 0.12465307
317.873 0.11806354
319.121 0.11072877
320.37 0.10680643
321.62 0.1022173
322.868 0.099746225
324.116 0.096922142
325.365 0.09237223
326.613 0.090332614
327.861 0.089312806
329.108 0.088763679
330.356 0.087194744
331.603 0.084762895
332.85 0.082605609
334.096 0.081703471
335.344 0.08099745
336.59 0.079310845
337.836 0.079350069
339.081 0.079781526
340.327 0.07495705
341.573 0.076212198
342.818 0.077310453
344.063 0.078683271
345.308 0.076369092
346.552 0.073858796
347.797 0.075898411
349.042 0.076643656
350.286 0.076212198
351.529 0.073858796
352.773 0.07727123
354.016 0.07448637
355.259 0.075035497
356.502 0.073584232
357.745 0.076094528
358.987 0.076486762
360.231 0.076643656
361.473 0.077428123
362.715 0.078055697
363.956 0.07797725
365.198 0.079428515
366.439 0.08087978
367.68 0.082762502
368.921 0.082409492
370.161 0.082605609
371.402 0.083939204
372.642 0.083939204
373.882 0.085704256
375.122 0.083978427
376.361 0.086959404
377.601 0.087037851
378.84 0.089901157
380.079 0.090842518
381.318 0.08982271
382.557 0.093980388
383.794 0.092411453
385.032 0.096216121
386.27 0.097000588
387.508 0.099746225
388.745 0.10131516
389.983 0.10511983
391.22 0.10912061
392.457 0.11574936
393.694 0.11727907
394.929 0.1268888
396.165 0.13037968
397.402 0.13838125
398.638 0.15332536
399.874 0.16356266
401.109 0.17791842
402.343 0.19682408
403.579 0.21525907
404.814 0.24055815
406.048 0.2622879
407.283 0.28648872
408.516 0.30190351
409.75 0.31272916
410.984 0.32026005
412.218 0.3081008
413.451 0.28805766
414.684 0.26809296
415.917 0.24404903
417.15 0.21820082
418.382 0.19815768
419.615 0.17580035
420.847 0.1607778
422.078 0.14489233
423.31 0.13540027
424.542 0.1232018
425.772 0.11461188
427.004 0.11221926
428.235 0.10551206
429.465 0.10213885
430.696 0.098020396
431.926 0.094176505
433.155 0.091783879
434.386 0.087508531
435.614 0.086645617
436.844 0.085861149
438.074 0.083350853
439.302 0.082605609
440.531 0.084370661
441.759 0.081389684
442.988 0.078644048
444.215 0.080722887
445.444 0.078212591
446.671 0.07774191
447.899 0.079781526
449.126 0.07797725
450.353 0.077114336
451.579 0.078565601
452.807 0.076996666
454.033 0.076957443
455.26 0.078879388
456.485 0.077663463
457.711 0.078408708
458.936 0.076957443
460.163 0.079663856
461.387 0.078918611
462.613 0.08017376
463.837 0.078722495
465.061 0.080487547
466.286 0.081232791
467.51 0.08029143
468.735 0.081703471
469.958 0.084409884
471.181 0.083076289
472.405 0.085939596
473.628 0.087077074
474.85 0.088332222
476.074 0.087861541
477.296 0.090332614
478.518 0.093941165
479.741 0.095470877
480.962 0.096098451
482.184 0.10021691
483.406 0.10413924
484.627 0.1039039
485.848 0.10861071
487.068 0.11170935
488.29 0.11378819
489.51 0.12092685
490.73 0.12155442
491.949 0.12555521
493.17 0.12539831
494.39 0.13159561
495.609 0.13304687
496.828 0.13387056
498.048 0.13269386
499.266 0.13626319
500.485 0.129909
501.703 0.1310857
502.921 0.1263789
504.139 0.1257121
505.358 0.11708296
506.575 0.11520024
507.792 0.11143479
509.009 0.10661032
510.226 0.1015505
511.442 0.10174662
512.659 0.098334183
513.875 0.094568739
515.091 0.091391645
516.308 0.089391253
517.524 0.087783095
518.739 0.084959012
519.955 0.084017651
521.17 0.084292214
522.384 0.084017651
523.599 0.080840557
524.814 0.079546186
526.028 0.07785958
527.242 0.077114336
528.456 0.0773889
529.669 0.0773889
530.883 0.077232006
532.096 0.076290645
533.309 0.07774191
534.522 0.078918611
535.735 0.077310453
536.948 0.07774191
538.16 0.075780741
539.371 0.075270837
540.583 0.073898019
541.794 0.074407923
543.006 0.078487154
544.217 0.076761326
545.428 0.076408315
546.639 0.075113944
547.85 0.076996666
549.061 0.079938419
550.27 0.079036282
551.48 0.0773889
552.69 0.077938027
553.9 0.078800941
555.11 0.078526378
556.319 0.079153952
557.527 0.079938419
558.736 0.079820749
559.945 0.081781918
561.154 0.081428908
562.361 0.082213375
563.569 0.084802118
564.777 0.081664248
565.985 0.084527554
567.191 0.083860757
568.399 0.084959012
569.606 0.085351245
570.813 0.084880565
572.019 0.087508531
573.226 0.089155913
574.432 0.090018827
575.637 0.087861541
576.844 0.089626593
578.05 0.092450677
579.254 0.090646401
580.46 0.095039419
581.665 0.094372622
582.869 0.093195921
584.074 0.096451461
585.279 0.097785056
586.482 0.099353991
587.687 0.10092293
588.889 0.10410002
590.094 0.10453148
591.297 0.10841459
592.5 0.11006197
593.703 0.11555325
594.905 0.11771053
596.108 0.12249578
597.31 0.12716337
598.513 0.13273308
599.714 0.13802824
600.916 0.1456768
602.117 0.15403138
603.319 0.16022867
604.52 0.17481977
605.721 0.18462561
606.921 0.19207805
608.122 0.19968739
609.322 0.20627692
610.523 0.21165052
611.722 0.21321945
612.921 0.21247421
614.122 0.20749284
615.32 0.19945205
616.52 0.19639263
617.719 0.18705746
618.917 0.17882055
620.116 0.16642597
621.314 0.15901275
622.513 0.15144264
623.71 0.14340184
624.908 0.13971485
626.106 0.13277231
627.303 0.12912453
628.499 0.12339792
629.697 0.12296646
630.893 0.12049539
632.09 0.11700451
633.285 0.1171614
634.483 0.11822044
635.678 0.114808
636.873 0.11418043
638.07 0.11508257
639.265 0.11771053
640.46 0.11888723
641.654 0.11645538
642.849 0.11790665
644.044 0.11994626
645.238 0.12198588
646.432 0.12265268
647.625 0.1250453
648.819 0.12747715
650.014 0.13034046
651.207 0.12967366
652.399 0.13257619
653.592 0.13249774
654.785 0.13481192
655.977 0.13791057
657.169 0.13814591
658.362 0.13383134
659.554 0.13904805
660.746 0.13904805
661.937 0.13685154
663.128 0.13755756
664.319 0.13457658
665.51 0.13218396
666.701 0.12979133
667.891 0.13034046
669.081 0.12794783
670.271 0.12500608
671.461 0.12308413
672.651 0.12006393
673.84 0.118495
675.03 0.11739674
676.219 0.11347441
677.408 0.11425887
678.596 0.111121
679.785 0.10829692
680.973 0.10955207
682.162 0.10323711
683.35 0.10013846
684.537 0.10441381
685.725 0.09841263
686.912 0.098216513
688.1 0.098373407
689.287 0.094568739
690.472 0.093941165
691.659 0.091823103
692.846 0.091313199
694.032 0.091038635
695.218 0.0894697
696.404 0.087469308
697.59 0.087155521
698.774 0.084762895
699.959 0.08621416
701.144 0.083978427
702.329 0.08366464
703.514 0.081115121
704.698 0.082017258
705.882 0.079467739
707.066 0.079467739
708.25 0.077467347
709.433 0.07762424
710.617 0.076172975
711.8 0.075937635
712.983 0.075388508
714.165 0.074290253
715.348 0.071034713
716.531 0.072446754
717.714 0.071387723
718.895 0.070093352
720.077 0.069426554
721.259 0.068955874
722.439 0.068014513
723.621 0.068249853
724.803 0.066680918
725.982 0.064837419
727.164 0.066955481
728.343 0.066131791
729.524 0.062954697
730.705 0.06287625
731.883 0.063778388
733.064 0.062915474
734.242 0.062837027
735.422 0.062131006
736.6 0.06240557
737.78 0.061228868
738.959 0.063739165
740.137 0.061974113
741.316 0.060993528
742.493 0.064719749
743.672 0.061228868
744.849 0.061385762
746.027 0.061268092
747.203 0.060993528
748.381 0.06240557
749.557 0.061856442
750.733 0.061738772
751.911 0.062601687
753.086 0.062601687
754.263 0.062797803
755.439 0.061777996
756.615 0.061071975
757.79 0.061974113
758.965 0.061464209
760.141 0.06252324
761.315 0.059346146
762.491 0.062601687
763.665 0.0622879
764.839 0.060993528
766.014 0.062484016
767.187 0.060365954
768.36 0.062484016
769.535 0.060444401
770.708 0.060562071
771.881 0.060836635
773.053 0.061895666
774.227 0.060915081
775.399 0.05997372
776.571 0.062444793
777.744 0.062327123
778.916 0.061071975
780.088 0.061424985
781.259 0.062954697
782.431 0.062327123
783.602 0.062915474
784.773 0.063386154
785.944 0.064680526
787.114 0.064209845
788.284 0.064994313
789.456 0.066367131
790.625 0.066249461
791.795 0.067739949
792.964 0.06856364
794.134 0.06868131
795.303 0.06891665
796.473 0.069701118
797.642 0.071544617
798.81 0.072642871
799.979 0.072525201
801.147 0.073035105
802.315 0.073858796
803.483 0.07460404
804.65 0.076133752
805.818 0.076525985
806.985 0.077467347
808.152 0.078722495
809.319 0.078997058
810.486 0.079271622
811.652 0.079742302
812.819 0.078526378
813.985 0.078683271
815.151 0.079977643
816.317 0.081272014
817.482 0.079310845
818.648 0.079389292
819.813 0.077545793
820.978 0.079428515
822.143 0.080801334
823.308 0.079624632
824.473 0.078369484
825.637 0.078212591
826.801 0.077428123
827.964 0.076800549
829.128 0.076761326
830.291 0.076839773
831.455 0.076094528
832.618 0.073191998
833.781 0.075466954
834.944 0.072132967
836.105 0.074643263
837.268 0.0713485
838.43 0.072329084
839.593 0.072564424
840.755 0.071740733
841.915 0.070760149
843.077 0.069151991
844.238 0.069348107
845.4 0.068877427
846.559 0.068524417
847.72 0.067504609
848.881 0.068877427
850.042 0.067190822
851.201 0.067583056
852.361 0.067190822
853.521 0.066053344
854.679 0.066641694
855.839 0.064209845
856.999 0.06589645
858.157 0.064837419
859.316 0.064092175
860.475 0.065268876
861.632 0.064758972
862.791 0.0653081
863.949 0.063346931
865.106 0.063190037
866.264 0.063817611
867.421 0.064523632
868.578 0.064837419
869.735 0.063033144
870.892 0.062562463
872.049 0.06252324
873.205 0.062719357
874.362 0.063582271
875.517 0.063033144
876.673 0.064131398
877.828 0.062052559
878.984 0.063739165
880.139 0.064209845
881.295 0.064052952
882.449 0.063072367
883.604 0.063660718
884.758 0.063856835
885.913 0.063072367
887.067 0.062837027
888.22 0.061738772
889.374 0.063621494
890.527 0.063346931
891.681 0.062131006
892.834 0.061738772
893.986 0.062327123
895.14 0.062444793
896.292 0.060875858
897.444 0.062680133
898.597 0.060993528
899.749 0.062680133
900.9 0.063268484
902.052 0.062484016
903.203 0.061464209
904.354 0.063033144
905.506 0.061150422
906.657 0.061856442
907.807 0.061307315
908.958 0.05985605
910.108 0.061621102
911.258 0.06299392
912.408 0.061934889
913.558 0.062327123
914.708 0.061895666
915.857 0.060405177
917.006 0.05997372
918.154 0.059777603
919.304 0.060248284
920.452 0.060601294
921.601 0.060640518
922.749 0.060601294
923.896 0.060405177
925.044 0.060169837
926.191 0.060993528
927.34 0.059150029
928.487 0.058914689
929.634 0.057502648
930.781 0.06009139
931.927 0.060248284
933.074 0.059699157
934.22 0.061228868
935.366 0.059542263
936.512 0.05997372
937.658 0.061307315
938.803 0.059699157
939.948 0.059895274
941.094 0.060209061
942.239 0.05962071
943.383 0.060562071
944.528 0.060562071
945.672 0.059895274
946.817 0.05973838
947.961 0.059032359
949.105 0.059463816
950.248 0.060012944
951.392 0.059346146
952.535 0.06009139
953.679 0.060679741
954.822 0.059699157
955.964 0.061346539
957.107 0.061071975
958.25 0.061934889
959.391 0.059306923
960.533 0.060993528
961.675 0.060836635
962.817 0.059463816
963.958 0.060405177
965.1 0.058836242
966.241 0.058914689
967.381 0.058836242
968.522 0.058404785
969.662 0.057855658
970.803 0.059424593
971.942 0.05997372
973.082 0.057894881
974.222 0.057110414
975.362 0.059895274
976.5 0.060954305
977.64 0.059659933
978.779 0.05985605
979.919 0.06009139
981.056 0.058718572
982.195 0.058953913
983.334 0.060326731
984.471 0.05985605
985.609 0.057737988
986.747 0.05683585
987.884 0.058640126
989.022 0.058483232
990.159 0.060012944
991.295 0.058404785
992.433 0.05973838
993.568 0.06009139
994.705 0.059346146
995.842 0.059777603
996.977 0.060483624
998.114 0.059110806
999.248 0.05950304
1000.384 0.059934497
1001.519 0.060405177
1002.655 0.061856442
1003.79 0.060209061
1004.92 0.060444401
1006.06 0.062562463
1007.19 0.062837027
1008.33 0.062484016
1009.46 0.062248676
1010.59 0.06240557
1011.73 0.062562463
1012.86 0.065111983
1014 0.066720141
1015.13 0.06566111
1016.26 0.067739949
1017.39 0.067112375
1018.53 0.067543832
1019.66 0.068289076
1020.79 0.069975682
1021.92 0.069269661
1023.05 0.070407139
1024.18 0.070720926
1025.32 0.07146617
1026.45 0.073505785
1027.58 0.075976858
1028.71 0.075545401
1029.84 0.077938027
1030.97 0.078800941
1032.1 0.079820749
1033.23 0.081664248
1034.36 0.082174152
1035.49 0.083350853
1036.62 0.085037458
1037.75 0.083115513
1038.88 0.082919396
1040.01 0.082762502
1041.14 0.087312414
1042.26 0.085076682
1043.39 0.087508531
1044.52 0.088763679
1045.65 0.086135713
1046.78 0.088136105
1047.91 0.088999019
1049.03 0.0894697
1050.16 0.089744264
1051.29 0.087665425
1052.41 0.087626201
1053.54 0.090803295
1054.67 0.088842126
1055.79 0.088489116
1056.92 0.087665425
1058.05 0.090881742
1059.17 0.089155913
1060.3 0.088999019
1061.42 0.088606786
1062.55 0.08982271
1063.67 0.08994038
1064.8 0.088920573
1065.92 0.088606786
1067.05 0.08970504
1068.17 0.089626593
1069.29 0.088920573
1070.42 0.0894697
1071.54 0.090685625
1072.67 0.088842126
1073.79 0.088371445
1074.91 0.090489508
1076.04 0.090489508
1077.16 0.090450284
1078.28 0.089665817
1079.4 0.090567955
1080.53 0.088842126
1081.65 0.091038635
1082.77 0.091195529
1083.89 0.088763679
1085.01 0.091705432
1086.13 0.089312806
1087.26 0.093078251
1088.38 0.08958737
1089.5 0.08970504
1090.62 0.093588155
1091.74 0.092097666
1092.86 0.090293391
1093.98 0.091940773
1095.1 0.091117082
1096.22 0.090724848
1097.34 0.090332614
1098.46 0.090685625
1099.58 0.091391645
1100.7 0.092058443
1101.81 0.090724848
1102.93 0.090842518
1104.05 0.092333006
1105.17 0.089901157
1106.29 0.092803687
1107.41 0.092803687
1108.52 0.091117082
1109.64 0.090489508
1110.76 0.08935203
1111.88 0.0894697
1112.99 0.089430477
1114.11 0.090411061
1115.23 0.088959796
1116.34 0.088849578
1117.46 0.086376937
1118.58 0.087737988
1119.69 0.088690724
1120.81 0.084737007
1121.92 0.085580702
1123.04 0.082428319
1124.15 0.083262993
1125.27 0.083690528
1126.38 0.084124338
1127.5 0.084867621
1128.61 0.080510688
1129.73 0.081680722
1130.84 0.08153991
1131.95 0.081894881
1133.07 0.081051579
1134.18 0.079326142
1135.29 0.07945558
1136.41 0.079111983
1137.52 0.078488331
1138.63 0.078180035
1139.75 0.078967248
1140.86 0.078531477
1141.97 0.077407727
1143.08 0.077117474
1144.19 0.077612081
1145.31 0.078220828
1146.42 0.077396744
1147.53 0.076561679
1148.64 0.076354187
1149.75 0.074248284
1150.86 0.076715827
1151.97 0.076447539
1153.08 0.076786821
1154.19 0.075831339
1155.3 0.078843695
1156.41 0.078230633
1157.52 0.078037654
1158.63 0.077605805
1159.74 0.078448715
1160.85 0.079004903
1161.96 0.078308296
1163.07 0.07886919
1164.18 0.079706217
1165.29 0.080773093
1166.4 0.079603844
1167.5 0.079507747
1168.61 0.081105315
1169.72 0.079725829
1170.83 0.081063738
1171.93 0.082340459
1173.04 0.082967641
1174.15 0.082828398
1175.26 0.081516768
1176.36 0.082984115
1177.47 0.083169249
1178.57 0.084193371
1179.68 0.085774466
1180.79 0.085202981
1181.89 0.08541871
1183 0.085807413
1184.1 0.084362424
1185.21 0.08696921
1186.31 0.086138459
1187.42 0.087957247
1188.52 0.087953324
1189.63 0.087523436
1190.73 0.087377525
1191.84 0.089694058
1192.94 0.089530104
1194.04 0.089976858
1195.15 0.090661698
1196.25 0.088899
1197.35 0.090116886
1198.46 0.090956658
1199.56 0.091290449
1200.66 0.092402824
1201.77 0.093461855
1202.87 0.093991763
1203.97 0.092245931
1205.07 0.094623259
1206.17 0.094785252
1207.28 0.092619337
1208.38 0.092793489
1209.48 0.094487939
1210.58 0.095468523
1211.68 0.096293391
1212.78 0.095924299
1213.88 0.096671504
1214.98 0.097458717
1216.08 0.099131987
1217.18 0.099844283
1218.28 0.099821141
1219.38 0.1003334
1220.48 0.099872524
1221.58 0.10161208
1222.68 0.10275348
1223.78 0.10324142
1224.88 0.10376819
1225.98 0.1049645
1227.08 0.10625691
1228.17 0.10656795
1229.27 0.10839969
1230.37 0.10870288
1231.47 0.10972544
1232.56 0.11112767
1233.66 0.1115607
1234.76 0.1125656
1235.86 0.11156697
1236.95 0.11632045
1238.05 0.11723083
1239.15 0.11739086
1240.24 0.11958698
1241.34 0.12128417
1242.43 0.12260522
1243.53 0.12374936
1244.63 0.12544773
1245.72 0.12586154
1246.82 0.12817101
1247.91 0.12928653
1249.01 0.13245421
1250.1 0.13388351
1251.2 0.13582859
1252.29 0.13682761
1253.38 0.13877662
1254.48 0.13959757
1255.57 0.14273034
1256.67 0.14398666
1257.76 0.1473787
1258.85 0.14871857
1259.95 0.15233497
1261.04 0.15320259
1262.13 0.15678917
1263.22 0.15628947
1264.32 0.15862914
1265.41 0.16290371
1266.5 0.16449618
1267.59 0.1656972
1268.68 0.16960777
1269.78 0.1711261
1270.87 0.17121789
1271.96 0.17599098
1273.05 0.17637458
1274.14 0.18309237
1275.23 0.18386193
1276.32 0.18715121
1277.41 0.19098882
1278.5 0.18877388
1279.59 0.1921667
1280.68 0.19808002
1281.77 0.20120141
1282.86 0.20604432
1283.95 0.2052273
1285.04 0.21003726
1286.13 0.21315042
1287.22 0.22048245
1288.3 0.22300059
1289.39 0.22605217
1290.48 0.22962738
1291.57 0.23387331
1292.66 0.23664405
1293.75 0.24181134
1294.83 0.24309394
1295.92 0.24743087
1297.01 0.25327907
1298.09 0.25882251
1299.18 0.2635658
1300.27 0.26808198
1301.35 0.26986664
1302.44 0.27584193
1303.53 0.28217258
1304.61 0.28195725
1305.7 0.28816513
1306.78 0.29601843
1307.87 0.29541243
1308.95 0.30068092
1310.04 0.3018992
1311.12 0.30666837
1312.21 0.30627809
1313.29 0.30841655
1314.38 0.31146774
1315.46 0.31054207
1316.55 0.31335438
1317.23 0.31198157
1318.32 0.31417807
1319.41 0.31190312
1320.5 0.31268759
1321.59 0.30743165
1322.67 0.3068433
1323.76 0.30335242
1324.85 0.30025378
1325.94 0.2977827
1327.02 0.29382114
1328.11 0.28813375
1329.2 0.28311316
1330.28 0.2791516
1331.37 0.27538615
1332.46 0.26903197
1333.54 0.26040282
1334.63 0.26040282
1335.72 0.25361718
1336.8 0.24914571
1337.89 0.24365444
1338.97 0.23835929
1340.06 0.23196588
1341.14 0.22769053
1342.23 0.22216003
1343.31 0.2157274
1344.4 0.20925554
1345.48 0.20654913
1346.56 0.20109708
1347.65 0.19246793
1348.73 0.18799647
1349.82 0.18125005
1350.9 0.17717082
1351.98 0.17666091
1353.07 0.1709343
1354.15 0.16512924
1355.23 0.16159914
1356.31 0.15826515
1357.4 0.15736301
1358.48 0.15500961
1359.56 0.15383291
1360.64 0.15175407
1361.72 0.14751794
1362.81 0.14253658
1363.89 0.13943793
1364.97 0.13802589
1366.05 0.13327986
1367.13 0.13022044
1368.21 0.12657266
1369.29 0.12645499
1370.37 0.12390547
1371.45 0.12045381
1372.53 0.11927711
1373.61 0.11837498
1374.69 0.11366817
1375.77 0.11017729
1376.85 0.10939282
1377.93 0.10719631
1379.01 0.10613728
1380.09 0.10229339
1381.16 0.10268562
1382.24 0.10131281
1383.32 0.097900373
1384.4 0.097312022
1385.48 0.0954293
1386.56 0.093978035
1387.63 0.094684056
1388.71 0.091977643
1389.79 0.091585409
1390.86 0.089820357
1391.94 0.089898804
1393.02 0.085701902
1394.09 0.085976466
1395.17 0.084368308
1396.25 0.084799765
1397.32 0.083740733
1398.4 0.082681702
1399.47 0.079190822
1400.55 0.078210237
1401.63 0.076994313
1402.7 0.075660718
1403.78 0.077347323
1404.85 0.075621494
1405.92 0.076602079
1407 0.073699549
1408.07 0.073150422
1409.15 0.075033144
1410.22 0.073424985
1411.3 0.0712677
1412.37 0.070914689
1413.44 0.070287115
1414.52 0.069384977
1415.59 0.067541479
1416.66 0.066953128
1417.73 0.066325554
1418.81 0.066364777
1419.88 0.065266523
1420.95 0.06534497
1422.02 0.063383801
1423.1 0.064050598
1424.17 0.063854481
1425.24 0.062952344
1426.31 0.063344577
1427.38 0.062010983
1428.45 0.062010983
1429.52 0.060442047
1430.6 0.060324377
1431.66 0.061304962
1432.74 0.060245931
1433.81 0.058794666
1434.88 0.059579133
1435.95 0.058990783
1437.02 0.057814081
1438.08 0.058363208
1439.15 0.057343401
1440.22 0.05687272
1441.29 0.057617964
1442.36 0.057147284
1443.43 0.056715827
1444.5 0.056049029
1445.57 0.056598157
1446.64 0.055852912
1447.7 0.055499902
1448.77 0.054793881
1449.84 0.053930967
1450.91 0.054401647
1451.97 0.054519318
1453.04 0.052754266
1454.11 0.053930967
1455.17 0.052636595
1456.24 0.052989606
1457.31 0.052165915
1458.37 0.052871936
1459.44 0.052087468
1460.51 0.051734458
1461.57 0.052362032
1462.64 0.051106884
1463.7 0.051028437
1464.77 0.051381447
1465.83 0.051577564
1466.9 0.051499117
1467.96 0.049498725
1469.03 0.049616395
1470.09 0.047616003
1471.16 0.050322416
1472.22 0.049381055
1473.28 0.048518141
1474.35 0.049106491
1475.41 0.049498725
1476.48 0.046870759
1477.54 0.047027652
1478.6 0.047223769
1479.67 0.047655227
1480.73 0.046909982
1481.79 0.04757678
1482.85 0.046478525
1483.91 0.046831536
1484.98 0.046086291
1486.04 0.046753089
1487.1 0.046400078
1488.16 0.045497941
1489.22 0.044988037
1490.28 0.044988037
1491.35 0.046125515
1492.41 0.046870759
1493.47 0.045929398
1494.53 0.044635026
1495.59 0.046086291
1496.65 0.045066484
1497.71 0.043615219
1498.77 0.044635026
1499.83 0.045105707
