109.893 0.11297
110.739 0.11091
111.584 0.111569
112.43 0.113217
113.276 0.111569
114.122 0.11231
114.967 0.120386
115.813 0.138843
116.658 0.160102
117.503 0.154252
118.349 0.135712
119.194 0.129862
120.039 0.117007
120.884 0.120798
121.729 0.125082
122.573 0.133982
123.418 0.154169
124.263 0.171556
125.107 0.158619
125.952 0.16381
126.796 0.18441
127.64 0.211272
128.484 0.249341
129.328 0.29738
130.172 0.308174
131.016 0.287821
131.86 0.24827
132.704 0.20707
133.548 0.167518
134.391 0.154417
135.235 0.13942
136.078 0.135218
136.921 0.130356
137.765 0.13151
138.608 0.130521
139.451 0.140409
140.294 0.139832
141.137 0.134229
141.98 0.118985
142.822 0.127802
143.665 0.119314
144.508 0.122281
145.35 0.123764
146.192 0.120138
147.035 0.124011
147.877 0.126978
148.719 0.126401
149.561 0.118985
150.403 0.119562
151.245 0.121374
152.087 0.121045
152.928 0.120633
153.77 0.119562
154.612 0.123022
155.453 0.127802
156.294 0.123517
157.136 0.115524
157.977 0.117914
158.818 0.115442
159.659 0.115359
160.5 0.114041
161.341 0.118078
162.182 0.120468
163.022 0.123352
163.863 0.121704
164.703 0.119974
165.544 0.119974
166.384 0.117666
167.224 0.120386
168.065 0.121045
168.905 0.119644
169.745 0.118902
170.585 0.123929
171.424 0.127307
172.264 0.123352
173.104 0.116513
173.943 0.11849
174.783 0.117996
175.622 0.117502
176.462 0.117419
177.301 0.11709
178.14 0.119644
178.979 0.117914
179.818 0.119562
180.657 0.118902
181.496 0.121127
182.334 0.12261
183.173 0.119809
184.012 0.123105
184.85 0.122528
185.688 0.12533
186.527 0.129862
187.365 0.128131
188.203 0.127637
189.041 0.12533
189.879 0.12088
190.717 0.126401
191.555 0.123187
192.392 0.123434
193.23 0.122858
194.068 0.122446
194.905 0.120303
195.742 0.118078
196.58 0.117996
197.417 0.118902
198.254 0.117337
199.091 0.114618
199.928 0.118243
200.765 0.120468
201.602 0.118326
202.438 0.118243
203.275 0.128708
204.111 0.129202
204.948 0.125247
205.784 0.127802
206.62 0.125577
207.457 0.123434
208.293 0.115442
209.129 0.115524
209.965 0.109838
210.8 0.10679
211.636 0.105307
212.472 0.106625
213.307 0.106295
214.143 0.103329
214.978 0.104153
215.814 0.101269
216.649 0.0992914
217.484 0.102423
218.319 0.10267
219.154 0.100775
219.989 0.10267
220.824 0.104977
221.659 0.103823
222.493 0.102999
223.328 0.103494
224.162 0.111734
224.997 0.114288
225.831 0.117584
226.665 0.119232
227.499 0.121951
228.334 0.126318
229.167 0.131674
230.001 0.134064
230.835 0.139255
231.669 0.143869
232.503 0.152439
233.336 0.160432
234.17 0.162821
235.003 0.170814
235.836 0.183092
236.669 0.193886
237.503 0.204433
238.336 0.209624
239.169 0.21498
240.001 0.223385
240.834 0.216051
241.667 0.208306
242.5 0.20295
243.332 0.181444
244.165 0.166365
244.997 0.15178
245.829 0.142221
246.661 0.135382
247.494 0.127637
248.326 0.123929
249.158 0.121045
249.989 0.117666
250.821 0.111816
251.653 0.111074
252.484 0.114618
253.316 0.112558
254.147 0.108685
254.979 0.111074
255.81 0.10852
256.641 0.109097
257.472 0.109509
258.303 0.107614
259.134 0.109756
259.965 0.110415
260.796 0.106543
261.627 0.103823
262.457 0.105801
263.288 0.107367
264.118 0.10679
264.948 0.107284
265.779 0.107202
266.609 0.105966
267.439 0.107119
268.269 0.104565
269.099 0.106543
269.929 0.108026
270.759 0.10646
271.588 0.107119
272.418 0.107779
273.247 0.107367
274.077 0.108273
274.906 0.107367
275.735 0.110168
276.564 0.105554
277.394 0.105142
278.223 0.105883
279.051 0.105224
279.88 0.10028
280.709 0.101681
281.538 0.10234
282.366 0.104318
283.195 0.0982202
284.023 0.0998682
284.852 0.0973138
285.68 0.097973
286.508 0.0988794
287.336 0.101846
288.164 0.0988794
288.992 0.10028
289.82 0.0993738
290.647 0.101022
291.475 0.101187
292.303 0.100445
293.13 0.099209
293.958 0.101187
294.785 0.100527
295.612 0.103741
296.439 0.103082
297.266 0.107779
298.093 0.106625
298.92 0.108767
299.747 0.107531
300.574 0.113711
301.4 0.117007
302.227 0.120633
303.053 0.11849
303.88 0.124094
304.706 0.128626
305.532 0.13151
306.358 0.131674
307.185 0.12945
308.01 0.125412
308.836 0.123682
309.662 0.126978
310.488 0.121622
311.314 0.117749
312.139 0.11882
312.965 0.11437
313.79 0.113794
314.615 0.116101
315.44 0.116595
316.266 0.117914
317.091 0.120221
317.916 0.124176
318.741 0.125082
319.565 0.123764
320.39 0.124258
321.215 0.124176
322.039 0.120221
322.864 0.119974
323.688 0.113958
324.512 0.116101
325.337 0.111074
326.161 0.112063
326.985 0.115689
327.809 0.11437
328.633 0.115194
329.456 0.113794
330.28 0.110168
331.104 0.115854
331.927 0.112146
332.751 0.115112
333.574 0.116925
334.397 0.118655
335.221 0.11437
336.044 0.117502
336.867 0.119562
337.69 0.123187
338.513 0.125906
339.335 0.122775
340.158 0.127884
340.981 0.129862
341.803 0.134311
342.626 0.140244
343.448 0.143375
344.271 0.146012
345.093 0.158207
345.915 0.17238
346.737 0.176912
347.559 0.186717
348.381 0.194792
349.203 0.205587
350.024 0.210531
350.846 0.212096
351.667 0.212591
352.489 0.206493
353.31 0.200148
354.132 0.195452
354.953 0.186223
355.774 0.181938
356.595 0.174192
357.416 0.163975
358.237 0.164057
359.057 0.167518
359.878 0.163069
360.699 0.157877
361.519 0.158454
362.34 0.159937
363.16 0.161915
363.98 0.163398
364.801 0.16414
365.621 0.165953
366.441 0.170567
367.261 0.176582
368.081 0.182432
368.9 0.187212
369.72 0.189024
370.54 0.191332
371.359 0.19677
372.179 0.19677
372.998 0.200643
373.818 0.206823
374.637 0.205999
375.456 0.215969
376.275 0.224951
377.094 0.229318
377.913 0.242666
378.732 0.25824
379.55 0.267881
380.369 0.288975
381.187 0.306691
382.006 0.328856
382.824 0.35234
383.643 0.38497
384.461 0.425593
385.279 0.469759
386.097 0.529417
386.915 0.578444
387.733 0.641727
388.551 0.702208
389.368 0.76236
390.186 0.803148
391.003 0.848385
391.821 0.843194
392.638 0.815096
393.456 0.754285
394.273 0.687294
395.09 0.621539
395.907 0.558174
396.724 0.495303
397.541 0.448748
398.358 0.408619
399.174 0.384229
399.991 0.354153
400.807 0.324736
401.624 0.310152
402.44 0.27884
403.257 0.26236
404.073 0.249423
404.889 0.238876
405.705 0.222891
406.521 0.211849
407.337 0.210201
408.153 0.198006
408.968 0.200148
409.784 0.19092
410.6 0.194628
411.415 0.186964
412.23 0.187047
413.046 0.185893
413.861 0.183421
414.676 0.185152
415.491 0.180702
416.306 0.17205
417.121 0.16999
417.936 0.168919
418.751 0.165293
419.565 0.168589
420.38 0.166941
421.194 0.161668
422.009 0.167601
422.823 0.160761
423.637 0.165046
424.451 0.165623
425.265 0.170073
426.079 0.17032
426.893 0.173121
427.707 0.172792
428.521 0.172956
429.335 0.175923
430.148 0.177983
430.962 0.171144
431.775 0.1765
432.588 0.176252
433.402 0.177983
434.215 0.181114
435.028 0.179054
435.841 0.179631
436.654 0.18062
437.466 0.188448
438.279 0.182515
439.092 0.18062
439.904 0.182515
440.717 0.183092
441.529 0.179796
442.342 0.17996
443.154 0.179631
443.966 0.179384
444.778 0.180784
445.59 0.181114
446.402 0.17856
447.214 0.177324
448.026 0.176335
448.837 0.183092
449.649 0.182268
450.46 0.187129
451.272 0.182432
452.083 0.182927
452.894 0.187871
453.706 0.187541
454.517 0.192073
455.328 0.191084
456.139 0.189684
456.95 0.193309
457.76 0.200808
458.571 0.198088
459.382 0.196523
460.192 0.193227
461.003 0.194957
461.813 0.192403
462.623 0.193556
463.433 0.197924
464.243 0.19883
465.053 0.192732
465.863 0.19232
466.673 0.190425
467.483 0.196935
468.293 0.200643
469.102 0.20468
469.912 0.208553
470.721 0.209707
471.531 0.222891
472.34 0.220171
473.149 0.223303
473.958 0.223138
474.767 0.228576
475.576 0.224868
476.385 0.223467
477.194 0.221819
478.003 0.213662
478.811 0.213003
479.62 0.206081
480.428 0.205092
481.237 0.197841
482.045 0.191084
482.853 0.192156
483.661 0.189024
484.469 0.188612
485.277 0.187047
486.085 0.181691
486.893 0.183256
487.701 0.185152
488.508 0.180537
489.316 0.178972
490.123 0.18614
490.931 0.181114
491.738 0.179219
492.545 0.178065
493.352 0.179631
494.159 0.176829
494.966 0.18235
495.773 0.177653
496.58 0.177571
497.387 0.183751
498.193 0.18268
499 0.183998
499.806 0.178395
500.613 0.187294
501.419 0.183092
502.225 0.183586
503.032 0.187459
503.838 0.185976
504.644 0.187953
505.45 0.18647
506.255 0.186717
507.061 0.186552
507.867 0.191084
508.672 0.190096
509.478 0.187212
510.283 0.190343
511.089 0.191249
511.894 0.198006
512.699 0.192238
513.504 0.195287
514.309 0.19644
515.114 0.200066
515.919 0.200231
516.724 0.201467
517.528 0.200725
518.333 0.207317
519.138 0.206658
519.942 0.210778
520.746 0.209459
521.551 0.212755
522.355 0.218029
523.159 0.219677
523.963 0.220254
524.767 0.220666
525.571 0.222231
526.375 0.224209
527.178 0.227175
527.982 0.211355
528.785 0.212014
529.589 0.20913
530.392 0.201632
531.195 0.194298
531.999 0.190672
532.802 0.183256
533.605 0.183833
534.408 0.177818
535.211 0.174852
536.014 0.173368
536.816 0.170155
537.619 0.171885
538.422 0.167106
539.224 0.165953
540.026 0.169331
540.829 0.169908
541.631 0.166447
542.433 0.167353
543.235 0.16826
544.037 0.165458
544.839 0.169084
545.641 0.165788
546.443 0.165788
547.244 0.166777
548.046 0.165293
548.847 0.165211
549.649 0.165046
550.45 0.163069
551.251 0.159031
552.052 0.16414
552.854 0.158866
553.655 0.155817
554.456 0.1559
555.256 0.155323
556.057 0.15178
556.858 0.151862
557.658 0.146836
558.459 0.144446
559.259 0.14115
560.06 0.141233
560.86 0.13909
561.66 0.139008
562.46 0.132663
563.26 0.130686
564.06 0.129285
564.86 0.127966
565.66 0.128955
566.46 0.126483
567.259 0.121786
568.059 0.122281
568.858 0.120138
569.658 0.123929
570.457 0.122363
571.256 0.120633
572.055 0.119644
572.854 0.114947
573.653 0.115442
574.452 0.11643
575.251 0.116842
576.05 0.111569
576.848 0.111816
577.647 0.113382
578.445 0.11091
579.244 0.110003
580.042 0.112887
580.84 0.112887
581.638 0.112393
582.437 0.110662
583.235 0.109756
584.032 0.112063
584.83 0.107943
585.628 0.114123
586.426 0.110086
587.223 0.113794
588.021 0.111404
588.818 0.112805
589.616 0.111157
590.413 0.114041
591.21 0.112475
592.007 0.109756
592.804 0.115442
593.601 0.11091
594.398 0.11025
595.195 0.112805
595.991 0.112063
596.788 0.113876
597.585 0.114123
598.381 0.114123
599.177 0.113134
599.974 0.114618
600.77 0.114782
601.566 0.114288
602.362 0.115936
603.158 0.116266
603.954 0.115277
604.75 0.113134
605.546 0.124258
606.341 0.120303
607.137 0.118161
607.932 0.11849
608.728 0.123187
609.523 0.125412
610.318 0.12706
611.113 0.126813
611.908 0.130026
612.703 0.129532
613.498 0.130933
614.293 0.133158
615.088 0.136866
615.883 0.139997
616.677 0.138514
617.472 0.14115
618.266 0.140656
619.06 0.143293
619.855 0.147248
620.649 0.148484
621.443 0.152686
622.237 0.147001
623.031 0.147248
623.825 0.153593
624.619 0.150709
625.412 0.154087
626.206 0.14972
627 0.150544
627.793 0.151203
628.586 0.154087
629.38 0.152686
630.173 0.152274
630.966 0.147001
631.759 0.149225
632.552 0.148649
633.345 0.145847
634.138 0.145105
634.93 0.146671
635.723 0.146341
636.516 0.146341
637.308 0.144446
638.101 0.146753
638.893 0.140574
639.685 0.139502
640.477 0.138514
641.269 0.142139
642.061 0.143045
642.853 0.139914
643.645 0.138678
644.437 0.142304
645.229 0.136948
646.02 0.133817
646.812 0.135959
647.603 0.139667
648.395 0.137607
649.186 0.13357
649.977 0.133817
650.768 0.136371
651.559 0.134641
652.35 0.137442
653.141 0.137195
653.932 0.134311
654.723 0.138349
655.513 0.139585
656.304 0.13942
657.094 0.143705
657.885 0.143457
658.675 0.147825
659.465 0.147001
660.255 0.14766
661.045 0.148319
661.835 0.151615
662.625 0.154746
663.415 0.156559
664.205 0.158537
664.995 0.167106
665.784 0.168177
666.574 0.1765
668.942 0.186552
669.731 0.192732
670.52 0.193968
671.309 0.199077
672.098 0.207317
672.887 0.21737
673.676 0.22767
674.464 0.235086
675.253 0.247775
676.041 0.264502
676.83 0.276285
677.618 0.29878
678.407 0.320699
679.195 0.339651
679.983 0.367666
680.771 0.403181
681.559 0.440672
682.347 0.485168
683.135 0.541694
683.922 0.597808
684.71 0.662821
685.498 0.738464
686.285 0.797132
687.073 0.855883
687.86 0.924604
688.647 0.971984
689.434 0.998352
690.221 1.00008
691.008 0.985662
691.795 0.937459
692.582 0.88324
693.369 0.821193
694.156 0.766315
694.942 0.698583
695.729 0.656394
696.515 0.602423
697.302 0.556608
698.088 0.519529
698.874 0.482614
699.66 0.456411
700.446 0.420732
701.232 0.402769
702.018 0.378378
702.804 0.363876
703.59 0.340227
704.375 0.32144
705.161 0.308998
705.947 0.302983
706.732 0.285432
707.517 0.277769
708.303 0.271177
709.088 0.256757
709.873 0.254285
710.658 0.245056
711.443 0.238876
712.228 0.237722
713.012 0.232449
713.797 0.227175
714.582 0.218935
715.366 0.219183
716.151 0.210943
716.935 0.203939
717.719 0.202703
718.504 0.198995
719.288 0.200725
720.072 0.196111
720.856 0.188365
721.64 0.189189
722.423 0.188118
723.207 0.183009
723.991 0.182515
724.774 0.179054
725.558 0.175511
726.341 0.172627
727.125 0.171226
727.908 0.165788
728.691 0.167271
729.474 0.163728
730.257 0.160679
731.04 0.158207
731.823 0.151121
732.606 0.152027
733.388 0.148649
734.171 0.150214
734.954 0.149885
735.736 0.145847
736.518 0.144529
737.301 0.144446
738.083 0.144941
738.865 0.13736
739.647 0.141727
740.429 0.140738
741.211 0.135794
741.993 0.13291
742.775 0.135465
743.556 0.133982
744.338 0.138019
745.119 0.130191
745.901 0.13118
746.682 0.128708
747.463 0.134394
748.245 0.131345
749.026 0.131757
749.807 0.131098
750.588 0.128378
751.369 0.12739
752.149 0.128873
752.93 0.12533
753.711 0.125
754.491 0.128708
755.272 0.130274
756.052 0.12739
756.832 0.131262
757.613 0.12706
758.393 0.128873
759.173 0.129862
759.953 0.129779
760.733 0.131922
761.513 0.133817
762.292 0.134641
763.072 0.135465
763.852 0.134394
764.631 0.139585
765.41 0.140738
766.19 0.145353
766.969 0.141974
767.748 0.14321
768.527 0.140244
769.306 0.140574
770.085 0.144858
770.864 0.14148
771.643 0.143952
772.422 0.141068
773.2 0.134888
773.979 0.134888
774.757 0.138102
775.536 0.13291
776.314 0.134888
777.092 0.131757
777.871 0.134476
778.649 0.132416
779.427 0.123764
780.205 0.124094
780.982 0.119974
781.76 0.126154
782.538 0.124918
783.315 0.121292
784.093 0.121622
784.87 0.119479
785.648 0.11643
786.425 0.115771
787.202 0.117914
787.979 0.11882
788.756 0.118326
789.533 0.115689
790.31 0.116018
791.087 0.116101
791.864 0.115524
792.641 0.114206
793.417 0.110498
794.194 0.113382
794.97 0.113299
795.746 0.111734
796.523 0.113382
797.299 0.112887
798.075 0.111404
798.851 0.109756
799.627 0.109509
800.403 0.111981
801.179 0.11091
801.954 0.111898
802.73 0.111074
803.505 0.108932
804.281 0.107614
805.056 0.109674
805.832 0.109179
806.607 0.108273
807.382 0.109591
808.157 0.109591
808.932 0.107284
809.707 0.109426
810.482 0.107119
811.256 0.108438
812.031 0.109097
812.806 0.107202
813.58 0.10885
814.11 0.107449
814.889 0.107943
815.669 0.106955
816.449 0.108767
817.228 0.110168
818.008 0.105966
818.787 0.109262
819.566 0.109015
820.345 0.105554
821.125 0.107943
821.904 0.103329
822.682 0.104153
823.461 0.103906
824.24 0.107449
825.019 0.104977
825.798 0.106213
826.576 0.105471
827.355 0.105471
828.133 0.106707
828.911 0.107531
829.69 0.108108
830.468 0.107531
831.246 0.10473
832.024 0.10473
832.802 0.104153
833.58 0.102175
834.358 0.106872
835.136 0.108273
835.913 0.107531
836.691 0.10852
837.468 0.104895
838.246 0.105883
839.023 0.104565
839.8 0.107202
840.578 0.10852
841.355 0.103411
842.132 0.106131
842.909 0.106048
843.686 0.105389
844.463 0.108767
845.239 0.107449
846.016 0.103082
846.793 0.104977
847.569 0.111239
848.346 0.108932
849.122 0.105059
849.898 0.107037
850.674 0.106131
851.451 0.109262
852.227 0.107531
853.003 0.105883
853.778 0.1044
854.554 0.103164
855.33 0.106213
856.106 0.106295
856.881 0.103659
857.657 0.100115
858.432 0.106872
863.858 0.112228
864.633 0.105471
865.408 0.105801
866.183 0.103082
866.957 0.104318
867.732 0.104153
868.506 0.102835
869.281 0.101022
870.055 0.101599
870.829 0.106625
871.603 0.1044
872.377 0.106625
873.151 0.1044
873.925 0.10646
874.699 0.100692
875.473 0.106048
876.247 0.105471
877.02 0.103906
877.794 0.103988
878.567 0.103082
879.341 0.1044
880.114 0.104647
880.887 0.105307
881.66 0.105471
882.433 0.105636
883.206 0.103329
883.979 0.107449
884.752 0.105883
885.525 0.101681
886.298 0.105554
887.07 0.105389
887.843 0.10679
888.615 0.10852
889.388 0.110003
890.16 0.109262
890.932 0.106213
891.705 0.109756
892.477 0.102505
893.249 0.103659
894.021 0.107779
894.793 0.105389
895.564 0.106872
896.336 0.106625
897.108 0.107779
897.879 0.104071
898.651 0.108603
899.422 0.10679
900.194 0.112475
900.965 0.109015
901.736 0.107202
902.507 0.110003
903.278 0.109262
904.049 0.110662
904.82 0.118408
907.903 0.114535
908.673 0.11676
909.444 0.113052
910.214 0.120221
910.984 0.118078
911.755 0.120221
912.525 0.122198
913.295 0.123599
914.065 0.127472
914.835 0.126648
915.604 0.127472
916.374 0.131757
917.144 0.131015
917.913 0.134641
918.683 0.133982
919.452 0.138761
920.222 0.134641
920.991 0.13769
921.76 0.140985
922.529 0.144199
923.298 0.143293
924.067 0.145353
924.836 0.144693
925.605 0.143952
926.374 0.146424
927.143 0.144776
927.911 0.147907
928.68 0.14321
929.448 0.144776
930.217 0.143622
930.985 0.143293
931.753 0.148896
932.521 0.14148
933.289 0.142057
934.057 0.145517
934.825 0.14321
935.593 0.143869
936.361 0.147907
937.129 0.140985
937.896 0.141068
938.664 0.140162
939.431 0.142139
940.199 0.145929
940.966 0.140079
941.733 0.143293
942.5 0.138102
943.268 0.140326
944.035 0.139255
944.802 0.139997
945.568 0.141068
946.335 0.136454
947.102 0.140079
947.869 0.134394
948.635 0.140244
949.402 0.137525
950.168 0.141068
950.934 0.138431
951.701 0.13736
952.467 0.138102
953.233 0.138843
953.999 0.136042
954.765 0.134311
955.531 0.135959
956.297 0.132828
957.062 0.133158
957.828 0.135959
958.594 0.13909
959.359 0.139338
960.125 0.140903
960.89 0.139255
961.655 0.136701
962.42 0.139667
963.186 0.139338
963.951 0.137607
964.716 0.138761
965.481 0.138596
966.245 0.142469
967.01 0.142633
967.775 0.143622
968.539 0.142716
969.304 0.139585
970.068 0.141892
970.833 0.145847
971.597 0.14354
972.361 0.139997
973.125 0.144776
973.89 0.145188
974.654 0.141233
975.417 0.146012
976.181 0.142469
976.945 0.140079
977.709 0.14115
978.472 0.141809
979.236 0.137113
979.999 0.142139
980.763 0.14321
983.816 0.135959
984.579 0.135877
985.342 0.137854
986.105 0.136289
986.867 0.135877
987.63 0.13909
988.393 0.13563
989.155 0.135465
989.918 0.135053
990.68 0.134888
991.443 0.135877
992.205 0.138102
992.967 0.134558
993.729 0.13563
994.491 0.135712
995.253 0.134806
996.015 0.13975
996.777 0.136454
997.539 0.136536
998.3 0.136371
999.06 0.1353
999.82 0.138019
1000.58 0.136454
1001.35 0.134394
1002.11 0.133322
1002.87 0.13291
1003.63 0.136783
1004.39 0.1353
1005.15 0.139997
1005.91 0.135135
1006.67 0.139173
1007.43 0.136866
1008.2 0.134064
1008.96 0.135382
1009.72 0.136948
1010.48 0.137525
1011.24 0.136618
1012 0.137607
1012.76 0.139255
1013.52 0.138102
1014.28 0.134229
1015.04 0.135135
1015.8 0.137772
1016.56 0.13497
1017.32 0.134476
1018.08 0.136536
1018.84 0.137607
1019.6 0.137607
1020.36 0.136783
1021.12 0.136124
1021.87 0.135053
1022.63 0.130191
1023.39 0.133817
1024.15 0.130686
1024.91 0.134394
1025.67 0.13118
1026.43 0.134146
1027.19 0.129614
1027.95 0.132251
1028.71 0.132169
1029.46 0.132663
1030.22 0.13291
1030.98 0.134806
1031.74 0.135465
1032.5 0.136701
1033.26 0.133405
1034.01 0.129038
1034.77 0.134311
1035.53 0.136042
1036.29 0.134558
1037.05 0.133982
1037.8 0.137772
1038.56 0.13736
1039.32 0.132828
1040.08 0.139173
1040.83 0.135465
1041.59 0.139255
1042.35 0.137278
1043.11 0.141562
1043.86 0.140574
1044.62 0.138019
1045.38 0.143952
1046.13 0.144364
1046.89 0.142963
1047.65 0.143045
1048.4 0.142551
1049.16 0.149473
1049.92 0.143869
1050.67 0.147083
1051.43 0.147165
1052.19 0.151285
1052.94 0.148978
1053.7 0.152769
1054.46 0.151203
1055.21 0.149143
1055.97 0.156477
1056.72 0.152933
1057.48 0.159031
1058.24 0.159031
1058.99 0.156065
1059.75 0.161668
1060.5 0.159608
1061.26 0.16175
1062.01 0.166365
1062.77 0.166612
1063.52 0.166035
1064.28 0.164057
1065.03 0.165788
1065.79 0.166447
1066.54 0.166859
1067.3 0.167683
1068.05 0.166859
1068.81 0.166282
1069.56 0.169661
1070.32 0.171721
1071.07 0.166035
1071.83 0.170073
1072.58 0.168837
1073.34 0.170402
1074.09 0.177241
1074.84 0.174852
1075.6 0.178889
1076.35 0.17617
1077.11 0.181279
1077.86 0.185234
1078.61 0.18614
1079.37 0.188365
1080.12 0.191991
1080.87 0.192156
1081.63 0.197924
1082.38 0.201137
1083.13 0.204021
1083.89 0.205339
1084.64 0.212014
1085.39 0.20913
1086.15 0.211272
1086.9 0.216628
1087.65 0.218606
1088.4 0.218688
1089.16 0.21737
1089.91 0.217782
1090.66 0.219018
1091.42 0.214239
1092.17 0.218771
1092.92 0.218359
1093.67 0.218194
1094.42 0.218935
1095.18 0.220831
1095.93 0.222479
1096.68 0.222314
1097.43 0.223879
1098.18 0.23179
1098.94 0.23146
1099.69 0.234921
1100.44 0.231543
1101.19 0.232037
1101.94 0.223797
1102.69 0.224127
1103.44 0.222149
1104.2 0.213991
1104.95 0.20122
1105.7 0.192897
1106.45 0.186388
1107.2 0.172132
1107.95 0.171391
1108.7 0.161009
1109.45 0.161091
1110.2 0.152109
1110.95 0.15145
1111.7 0.147248
1112.45 0.147165
1113.2 0.14321
1113.96 0.140574
1114.71 0.135547
1115.46 0.144117
1116.21 0.139173
1116.96 0.135712
1117.71 0.136289
1118.46 0.137607
1119.2 0.134229
1119.95 0.135053
1120.7 0.132086
1121.45 0.132004
1122.2 0.128296
1122.95 0.131015
1123.7 0.131427
1124.45 0.130026
1125.2 0.131098
1125.95 0.127225
1126.7 0.130356
1127.45 0.12912
1128.2 0.130521
1128.94 0.128049
1129.69 0.127719
1130.44 0.130933
1131.19 0.130109
1131.94 0.124506
1132.69 0.125165
1133.44 0.125577
1134.18 0.127225
1134.93 0.125989
1135.68 0.127802
1136.43 0.125247
1137.18 0.128626
1137.92 0.126483
1138.67 0.126401
1139.42 0.128049
1140.17 0.130933
1140.92 0.125824
1141.66 0.129367
1142.41 0.126895
1143.16 0.127142
1143.9 0.128955
1144.65 0.125494
1145.4 0.12706
1146.15 0.12533
1149.13 0.126401
1149.88 0.126071
1150.63 0.125577
1151.37 0.124588
1152.12 0.12533
1152.87 0.125577
1153.61 0.129614
1154.36 0.12706
1155.11 0.129202
1155.85 0.126071
1156.6 0.125659
1157.34 0.126401
1158.09 0.129367
1158.84 0.128214
1159.58 0.126978
1160.33 0.126071
1161.07 0.12533
1161.82 0.124176
1162.56 0.122446
1163.31 0.128214
1164.05 0.126401
1164.8 0.128049
1165.54 0.126154
1166.29 0.12739
1167.03 0.129367
1167.78 0.126813
1168.52 0.129367
1169.27 0.129038
1170.01 0.125494
1170.76 0.124341
1171.5 0.12879
1172.25 0.125989
1172.99 0.129202
1173.74 0.127637
1174.48 0.123517
1175.22 0.127719
1175.97 0.127637
1176.71 0.129367
1177.46 0.12673
1178.2 0.129862
1178.94 0.13357
1179.69 0.129697
1180.43 0.129697
1181.18 0.132004
1181.92 0.130686
1182.66 0.128296
1183.41 0.130191
1184.15 0.12327
1184.89 0.128543
1185.64 0.129862
1186.38 0.13151
1187.12 0.13324
1187.86 0.127802
1188.61 0.129614
1189.35 0.131427
1190.09 0.130026
1190.84 0.132581
1191.58 0.131345
1192.32 0.130356
1193.06 0.13151
1193.81 0.131592
1194.55 0.131345
1195.29 0.131427
1196.03 0.132251
1196.77 0.134558
1197.52 0.133652
1198.26 0.129697
1199 0.129202
1199.74 0.133322
