109.695 0.19047
111.66 0.185477
113.627 0.183468
115.594 0.187429
117.557 0.199653
119.523 0.202925
121.488 0.198678
123.451 0.194316
125.415 0.184846
127.377 0.179681
129.341 0.185822
131.304 0.198735
133.264 0.207287
135.227 0.201719
137.187 0.183411
139.148 0.161659
141.11 0.146565
143.068 0.143236
145.029 0.137497
146.986 0.137554
148.946 0.13853
150.903 0.138243
152.862 0.13721
154.818 0.137267
156.776 0.137784
158.732 0.137267
160.689 0.13015
162.644 0.13193
164.6 0.132905
166.554 0.128027
168.51 0.128314
170.463 0.131126
172.418 0.125157
174.37 0.127051
176.324 0.128256
178.275 0.129462
180.229 0.131413
182.179 0.138874
184.13 0.141686
186.082 0.14932
188.031 0.155174
189.983 0.165275
191.931 0.174458
193.882 0.186797
195.83 0.204245
197.777 0.218363
199.727 0.234778
201.673 0.243444
203.62 0.248954
205.568 0.252914
207.513 0.25917
209.461 0.265139
211.405 0.272141
213.35 0.28603
215.296 0.301698
217.239 0.325344
219.183 0.377055
221.125 0.457406
223.07 0.577587
225.012 0.747298
226.954 0.901341
228.897 1
230.838 0.937327
232.778 0.763885
234.718 0.548718
236.66 0.406842
238.599 0.310537
240.538 0.259055
242.477 0.214518
244.417 0.195406
246.355 0.178016
248.292 0.165734
250.229 0.159995
252.165 0.151558
254.104 0.149721
256.039 0.141859
257.975 0.140424
259.91 0.139563
261.844 0.136808
263.781 0.132503
265.714 0.132331
267.648 0.130954
269.581 0.127855
271.513 0.124124
273.446 0.122689
275.377 0.117753
277.311 0.12091
279.242 0.11827
281.173 0.117237
283.103 0.116433
285.033 0.119303
286.962 0.117983
288.892 0.12223
290.82 0.123435
292.749 0.123378
294.676 0.128658
296.604 0.128199
298.531 0.131872
300.458 0.138185
302.384 0.135775
304.31 0.140998
306.236 0.142318
308.161 0.144212
310.086 0.145187
312.01 0.147311
313.934 0.156379
315.858 0.1546
317.781 0.158675
319.704 0.157642
321.627 0.16097
323.549 0.16275
325.471 0.163209
327.392 0.161946
329.313 0.1678
331.233 0.166882
333.154 0.178016
335.073 0.191217
336.993 0.203154
338.912 0.219339
340.831 0.240632
342.749 0.252627
344.664 0.260834
346.582 0.263991
348.499 0.269501
350.416 0.278913
352.332 0.302387
354.248 0.325344
356.164 0.352549
358.077 0.371431
359.991 0.402079
361.906 0.421592
363.82 0.440073
365.733 0.464178
367.647 0.505042
369.557 0.560312
371.47 0.624821
373.382 0.676877
375.294 0.662299
377.203 0.590041
379.114 0.484036
381.024 0.388706
382.934 0.316907
384.842 0.2792
386.751 0.258252
388.66 0.236442
390.569 0.229153
392.475 0.216183
394.383 0.209353
396.291 0.198276
398.196 0.194201
400.102 0.188634
402.009 0.180427
403.915 0.17991
405.818 0.1744
407.723 0.177614
409.626 0.173712
411.53 0.177098
413.434 0.177614
415.336 0.171818
417.239 0.172966
419.142 0.169178
421.043 0.169407
422.945 0.168948
424.844 0.171416
426.746 0.171818
428.647 0.175032
430.545 0.174171
432.445 0.174113
434.343 0.173769
436.243 0.174343
438.14 0.176122
440.038 0.184042
441.937 0.183813
443.832 0.185362
445.73 0.190872
447.625 0.195005
449.522 0.193111
451.416 0.201662
453.312 0.21337
455.206 0.219167
457.101 0.227891
458.994 0.223931
460.889 0.220085
462.781 0.208549
464.674 0.193799
466.566 0.181288
468.457 0.168948
470.349 0.163611
472.239 0.151214
474.131 0.148803
476.021 0.142031
477.912 0.142088
479.801 0.140481
481.689 0.136406
483.579 0.136406
485.466 0.134742
487.353 0.137037
489.242 0.136521
491.129 0.132274
493.017 0.133766
494.903 0.137841
496.788 0.136119
498.675 0.137956
500.559 0.133881
502.443 0.136693
504.329 0.137037
506.213 0.13698
508.096 0.140022
509.978 0.141457
511.863 0.143752
513.745 0.147253
515.626 0.14754
517.507 0.149377
519.39 0.156379
521.271 0.158847
523.151 0.169637
525.03 0.169809
526.912 0.174228
528.79 0.169981
530.669 0.166423
532.547 0.166882
534.427 0.157125
536.304 0.155002
538.181 0.149721
540.058 0.145819
541.934 0.143925
543.81 0.142834
545.688 0.13853
547.563 0.136521
549.438 0.135029
551.312 0.13193
553.186 0.134971
555.06 0.130437
556.933 0.132561
558.808 0.128199
560.681 0.129347
562.553 0.128429
564.425 0.129978
566.296 0.131757
568.167 0.126075
570.038 0.127912
571.908 0.12906
573.778 0.129289
575.648 0.129978
577.517 0.132446
579.386 0.134512
581.254 0.134914
583.122 0.137554
584.99 0.144097
586.857 0.149262
588.724 0.149894
590.591 0.164242
592.457 0.177213
594.323 0.185362
596.189 0.193627
598.054 0.201605
599.918 0.204704
601.783 0.198907
603.647 0.20304
605.51 0.203786
607.374 0.208549
609.237 0.206311
611.099 0.207057
612.961 0.214576
614.823 0.217732
616.683 0.220544
618.544 0.235122
620.404 0.240058
622.265 0.245109
624.125 0.24706
625.984 0.255669
627.844 0.26313
629.7 0.272715
631.559 0.279602
633.417 0.2889
635.275 0.304338
637.132 0.316735
638.989 0.322819
640.844 0.32873
642.7 0.323278
644.556 0.325459
646.411 0.321671
648.264 0.323221
650.119 0.316276
651.974 0.314612
653.828 0.302502
655.679 0.303305
657.533 0.3021
659.386 0.3021
661.238 0.303592
663.089 0.311226
664.94 0.317596
666.792 0.33556
668.641 0.356681
670.492 0.392322
672.342 0.442541
674.192 0.497581
676.04 0.546824
677.889 0.590845
679.736 0.604217
681.585 0.583957
683.433 0.537182
685.279 0.497581
687.126 0.438122
688.973 0.395536
690.818 0.369709
692.665 0.333437
694.508 0.310365
696.354 0.287752
698.2 0.269271
700.042 0.248667
701.887 0.237935
703.729 0.228465
705.573 0.220946
707.414 0.217675
709.258 0.214518
711.098 0.214863
712.941 0.202638
714.781 0.198965
716.622 0.189667
718.462 0.181115
720.303 0.175032
722.141 0.166595
723.981 0.16252
725.819 0.157125
727.659 0.154485
729.496 0.15305
731.335 0.15305
733.171 0.156092
735.009 0.158847
736.845 0.154657
738.68 0.152419
740.517 0.151558
742.352 0.150066
744.188 0.150008
746.022 0.151386
747.855 0.150869
749.69 0.149492
751.523 0.156666
753.355 0.155059
755.19 0.158273
757.021 0.15328
758.855 0.156207
760.686 0.152017
762.516 0.148229
764.346 0.14777
766.178 0.137152
768.008 0.136464
769.837 0.135201
771.668 0.137497
773.496 0.136349
775.324 0.135775
777.152 0.134971
778.982 0.135603
780.809 0.137095
782.635 0.136234
784.461 0.138185
786.289 0.136464
788.115 0.136808
789.94 0.13543
791.765 0.135086
793.592 0.134627
795.416 0.134512
797.24 0.136349
799.063 0.138128
800.886 0.138759
802.709 0.143064
804.533 0.145933
806.355 0.149492
808.177 0.150869
809.998 0.14668
811.819 0.148746
813.64 0.146909
815.46 0.149377
817.28 0.151099
819.099 0.155633
820.92 0.155231
822.739 0.151788
824.558 0.150467
826.376 0.151501
828.194 0.150582
830.011 0.14754
831.828 0.149721
833.645 0.148172
835.461 0.14909
837.277 0.145933
839.092 0.145933
840.908 0.145474
842.723 0.14226
844.537 0.139505
846.351 0.134627
848.165 0.135258
849.979 0.132963
851.792 0.135832
853.604 0.132503
855.417 0.131815
857.229 0.128429
859.041 0.130208
860.852 0.130667
862.663 0.130896
864.471 0.128199
866.282 0.126477
868.092 0.128142
869.901 0.126994
871.71 0.128084
873.519 0.124755
875.328 0.1251
877.136 0.126362
878.942 0.126936
880.749 0.127223
882.556 0.125157
884.363 0.126535
886.169 0.124009
887.976 0.125616
889.779 0.124928
891.585 0.124067
893.39 0.120508
895.194 0.125157
896.996 0.120566
898.8 0.125616
900.604 0.124411
902.407 0.122919
904.208 0.127108
906.011 0.128773
907.813 0.124813
909.615 0.127568
911.414 0.132044
913.215 0.132389
915.016 0.13193
916.814 0.132905
918.614 0.131241
920.414 0.128543
922.214 0.132389
924.011 0.128945
925.809 0.131413
927.605 0.127855
929.404 0.132446
931.201 0.134799
932.996 0.133537
934.793 0.132159
936.59 0.133766
938.384 0.130208
940.18 0.135832
941.973 0.138415
943.769 0.132618
945.561 0.132446
947.356 0.132503
949.15 0.138587
950.942 0.134512
952.735 0.138013
954.526 0.140768
956.319 0.140309
958.109 0.141285
959.902 0.136406
961.691 0.14226
963.483 0.139276
965.272 0.142088
967.062 0.139161
968.851 0.13721
970.641 0.135029
972.428 0.139965
974.217 0.132561
976.004 0.141342
977.791 0.137784
979.579 0.139104
981.365 0.139276
983.152 0.139907
984.938 0.139965
986.722 0.141055
988.509 0.138931
990.293 0.140194
992.079 0.138989
993.862 0.138185
995.645 0.13985
997.43 0.141457
999.213 0.143006
1000.99 0.144212
1002.78 0.143752
1004.56 0.145073
1006.34 0.147081
1008.12 0.145474
1009.9 0.15064
1011.68 0.14754
1013.46 0.152821
1015.24 0.15196
1017.02 0.152706
1018.8 0.154026
1020.58 0.157871
1022.36 0.160396
1024.14 0.15856
1025.92 0.164414
1027.69 0.171014
1029.47 0.177787
1031.25 0.185936
1033.02 0.201662
1034.8 0.220831
1036.57 0.257104
1038.35 0.298656
1040.12 0.357312
1041.9 0.422683
1043.67 0.450461
1045.45 0.441221
1047.22 0.371833
1048.99 0.303535
1050.77 0.246314
1052.54 0.209525
1054.31 0.189897
1056.08 0.180541
1057.85 0.166767
1059.62 0.169579
1061.39 0.161315
1063.16 0.161372
1064.93 0.160798
1066.7 0.165103
1068.47 0.167054
1070.24 0.167284
1072.01 0.164931
1073.78 0.166021
1075.55 0.165045
1077.31 0.166308
1079.08 0.16275
1080.85 0.166365
1082.61 0.163094
1084.38 0.159421
1086.14 0.162635
1087.91 0.161544
1089.67 0.1612
1091.44 0.157527
1093.2 0.15724
1094.97 0.15437
1096.73 0.159076
1098.49 0.157871
1100.26 0.164758
1102.02 0.160511
1103.78 0.167284
1105.54 0.17067
1107.3 0.176352
1109.06 0.178992
1110.82 0.187256
1112.59 0.180714
1114.35 0.180197
1116.1 0.171416
1117.86 0.165504
1119.62 0.160167
1121.38 0.153681
1123.14 0.151041
1124.9 0.147827
1126.65 0.148459
1128.41 0.144786
1130.17 0.144671
1131.92 0.141399
1133.68 0.139276
1135.44 0.137497
1137.19 0.146737
1138.94 0.140366
1140.7 0.140481
1142.45 0.140825
1144.21 0.140538
1145.96 0.137554
1147.71 0.137956
1149.47 0.137726
1151.22 0.136062
1152.97 0.133823
1154.72 0.137841
1156.47 0.137841
1158.23 0.1383
1159.98 0.138185
1161.73 0.139678
1163.48 0.136004
1165.23 0.133479
1166.98 0.135832
1168.73 0.136636
1170.47 0.137726
1172.22 0.136464
1173.97 0.139333
1175.72 0.143179
1177.46 0.144556
1179.21 0.14886
1180.96 0.153337
1182.7 0.152935
1184.45 0.159823
1186.2 0.154657
1187.94 0.15173
1189.68 0.14358
1191.43 0.145474
1193.17 0.14117
1194.92 0.138874
1196.66 0.136923
1198.4 0.135775
1200.15 0.136636