176.982 0.095999
178.21 0.0935299
179.437 0.091589
180.663 0.0954466
181.89 0.0934208
183.117 0.0971505
184.343 0.10764
185.569 0.116626
186.795 0.113734
188.021 0.120699
189.247 0.112105
190.472 0.122502
191.697 0.13104
192.923 0.141335
194.148 0.145495
195.373 0.149488
196.597 0.146308
197.822 0.141753
199.046 0.146774
200.27 0.151628
201.494 0.142374
202.718 0.154846
203.942 0.128811
205.166 0.110973
206.389 0.107298
207.612 0.0924758
208.835 0.104589
210.058 0.100823
211.281 0.105414
212.504 0.107857
213.726 0.108841
214.948 0.103788
216.17 0.103227
217.392 0.102194
218.614 0.107518
219.836 0.101745
221.057 0.107399
222.279 0.102246
223.5 0.109849
224.721 0.0968138
225.941 0.0979994
227.162 0.102439
228.382 0.0964606
229.603 0.100856
230.823 0.0940588
232.043 0.10403
233.263 0.101792
234.482 0.0968577
235.702 0.100107
236.921 0.109735
238.14 0.0945547
239.359 0.095525
240.578 0.0943458
241.797 0.0996242
243.015 0.0948713
244.234 0.0942414
245.452 0.0926295
246.67 0.10687
247.888 0.0943043
249.106 0.0924302
250.323 0.0972761
251.54 0.0986697
252.758 0.096807
253.975 0.0944254
255.192 0.0934803
256.408 0.0932426
257.625 0.0927607
258.841 0.0911369
260.058 0.0915612
261.274 0.0963314
262.49 0.10143
263.705 0.103146
264.921 0.10584
266.136 0.108006
267.352 0.101605
268.567 0.109181
269.782 0.110762
270.996 0.0986584
272.211 0.117282
273.425 0.109564
274.64 0.104226
275.854 0.105077
277.068 0.104589
278.281 0.110445
279.495 0.114123
280.709 0.120664
281.922 0.123888
283.135 0.124401
284.348 0.115491
285.561 0.136865
286.773 0.133092
287.986 0.123641
289.198 0.141311
290.41 0.144641
291.622 0.146265
292.834 0.143204
294.046 0.139833
295.257 0.144731
296.469 0.146626
297.68 0.145366
298.891 0.152301
300.102 0.151498
301.312 0.152424
302.523 0.150954
303.733 0.153553
304.944 0.15088
306.154 0.153243
307.363 0.156436
308.573 0.15174
309.783 0.152081
310.992 0.154228
312.201 0.153015
313.41 0.160334
314.619 0.154072
315.828 0.140748
317.037 0.138324
318.245 0.144019
319.453 0.132808
320.661 0.135427
321.869 0.148732
323.077 0.133862
324.285 0.132596
325.492 0.125317
326.699 0.131037
327.906 0.123603
329.113 0.119997
330.32 0.129613
331.527 0.137497
332.733 0.133611
333.939 0.134816
335.145 0.12647
336.351 0.127643
337.557 0.116861
338.763 0.116969
339.968 0.112863
341.174 0.114989
342.379 0.112974
343.584 0.106219
344.789 0.106899
345.993 0.104792
347.198 0.106739
348.402 0.114092
349.606 0.10438
350.81 0.111048
352.014 0.103961
353.218 0.0972671
354.421 0.10443
355.625 0.10278
356.828 0.100576
358.031 0.110922
359.234 0.0935707
360.436 0.101233
361.639 0.0922748
362.841 0.107491
364.043 0.100548
365.245 0.0922549
366.447 0.0916481
367.649 0.0914684
368.851 0.0995179
370.052 0.0911935
371.253 0.0915601
372.454 0.0991133
373.655 0.0954972
374.856 0.0933285
376.056 0.0957958
377.257 0.0969902
378.457 0.0972996
379.657 0.100808
380.857 0.0931732
382.057 0.0991575
383.256 0.0995598
384.456 0.0972905
385.655 0.0917149
386.854 0.0946807
388.053 0.105202
389.252 0.0931985
390.451 0.0981098
391.649 0.0981697
392.847 0.0919122
394.045 0.102175
395.243 0.091738
396.441 0.0947248
397.639 0.0946413
398.836 0.0995629
400.034 0.104509
401.231 0.102381
402.428 0.101794
403.625 0.0965908
404.821 0.0956681
406.018 0.0943387
407.214 0.0943949
408.41 0.0934052
409.606 0.0927287
410.802 0.0923119
411.998 0.099638
413.193 0.0998123
414.389 0.0930281
415.584 0.100661
416.779 0.0980747
417.974 0.093383
419.168 0.0942543
420.363 0.0975319
421.557 0.0955491
422.751 0.0979997
423.945 0.105335
425.139 0.0987675
426.333 0.101822
427.527 0.0909928
428.72 0.101323
429.913 0.0944939
431.106 0.102937
432.299 0.102616
433.492 0.0953791
434.684 0.0992637
435.877 0.108335
437.069 0.0981706
438.261 0.10582
439.453 0.103327
440.645 0.104219
441.836 0.108046
443.028 0.105112
444.219 0.0982729
445.41 0.100155
446.601 0.104746
447.792 0.108738
448.982 0.112584
450.173 0.0986961
451.363 0.0978134
452.553 0.104378
453.743 0.113284
454.933 0.118452
456.123 0.120083
457.312 0.10757
458.501 0.113327
459.691 0.111768
460.88 0.10991
462.068 0.118248
463.257 0.107809
464.446 0.108463
465.634 0.109498
466.822 0.1176
468.01 0.112733
469.198 0.116149
470.386 0.115465
471.573 0.109598
472.76 0.118688
473.948 0.11756
475.135 0.105087
476.321 0.120873
477.508 0.115845
478.695 0.129157
479.881 0.11707
481.067 0.127456
482.253 0.127827
483.439 0.138016
484.625 0.133304
485.81 0.137163
486.996 0.144107
488.181 0.139855
489.366 0.145226
490.551 0.146016
491.736 0.140721
492.92 0.155044
494.105 0.15389
495.289 0.166792
496.473 0.156175
497.657 0.160291
498.84 0.163585
500.024 0.167858
501.207 0.164771
502.391 0.167999
503.574 0.163566
504.757 0.16987
505.94 0.170929
507.122 0.164779
508.305 0.173578
509.487 0.176804
510.669 0.181382
511.851 0.18439
513.033 0.190705
514.214 0.190636
515.396 0.201874
516.577 0.201993
517.758 0.202572
518.939 0.204355
520.12 0.221529
521.301 0.215127
522.481 0.226257
523.661 0.217534
524.842 0.238085
526.022 0.237434
527.201 0.255929
528.381 0.241891
529.561 0.251383
530.74 0.241867
531.919 0.251895
533.098 0.248628
534.277 0.252713
535.456 0.238443
536.634 0.235793
537.812 0.258065
538.991 0.24611
540.169 0.25491
541.346 0.247207
542.524 0.258196
543.702 0.265564
544.879 0.269431
546.056 0.259404
547.233 0.267694
548.41 0.268724
549.587 0.270465
550.763 0.280593
551.94 0.271931
553.116 0.275601
554.292 0.267252
555.468 0.264619
556.644 0.265974
557.819 0.268988
558.995 0.274036
560.17 0.272475
561.345 0.26844
562.52 0.271325
563.695 0.257531
564.869 0.258772
566.044 0.266782
567.218 0.257585
568.392 0.258914
569.566 0.266182
570.74 0.252942
571.913 0.260372
573.087 0.259167
574.26 0.250902
575.433 0.231443
576.606 0.218377
577.779 0.218767
578.952 0.20601
580.124 0.210018
581.296 0.191709
582.469 0.181522
583.641 0.166754
584.812 0.158068
585.984 0.148278
587.156 0.146374
588.327 0.136507
589.498 0.137467
590.669 0.130615
591.84 0.126248
593.011 0.137742
594.181 0.129474
595.351 0.132859
596.522 0.133542
597.692 0.133251
598.861 0.138826
600.031 0.13937
601.201 0.140594
602.37 0.134156
603.539 0.142978
604.708 0.139855
605.877 0.141846
607.046 0.15013
608.214 0.156458
609.383 0.161968
610.551 0.174044
611.719 0.172972
612.887 0.171677
614.055 0.17978
615.222 0.187436
616.39 0.185175
617.557 0.194341
618.724 0.199828
619.891 0.194647
621.058 0.213594
622.224 0.22112
623.391 0.226922
624.557 0.228593
625.723 0.237407
626.889 0.252763
628.055 0.253543
629.22 0.266425
630.386 0.273674
631.551 0.285135
632.716 0.295021
633.881 0.309701
635.046 0.322524
636.21 0.339049
637.375 0.349983
638.539 0.375075
639.703 0.390326
640.867 0.409477
642.031 0.447883
643.195 0.455942
644.358 0.479633
645.521 0.486487
646.685 0.517285
647.848 0.534575
649.01 0.560811
650.173 0.589981
651.335 0.614879
652.498 0.653075
653.66 0.686637
654.822 0.714428
655.984 0.744442
657.145 0.797137
658.307 0.814157
659.468 0.856128
660.63 0.878339
661.791 0.908368
662.951 0.930615
664.112 0.951557
665.273 0.966096
666.433 0.980504
667.593 0.985959
668.753 0.994299
669.913 1
671.073 0.999091
672.232 0.967396
673.392 0.960335
674.551 0.937239
675.71 0.914629
676.869 0.889902
678.028 0.863186
679.186 0.838702
680.345 0.809896
681.503 0.785435
682.661 0.755628
683.819 0.726058
684.977 0.694461
686.134 0.667452
687.292 0.634629
688.449 0.609302
689.606 0.591263
690.763 0.556219
691.92 0.551155
693.076 0.518708
694.233 0.495116
695.389 0.481258
696.545 0.459555
697.701 0.437826
698.857 0.41978
700.013 0.398709
701.168 0.378649
702.323 0.37237
703.478 0.351263
704.633 0.32173
705.788 0.319208
706.943 0.315565
708.097 0.28781
709.252 0.280191
710.406 0.272424
711.56 0.260948
712.714 0.253264
713.867 0.244614
715.021 0.236483
716.174 0.230452
717.327 0.224149
718.48 0.221129
719.633 0.208519
720.786 0.202816
721.938 0.191476
723.091 0.192944
724.243 0.187668
725.395 0.177607
726.547 0.175963
727.698 0.172458
728.85 0.165001
730.001 0.160454
731.153 0.157648
732.304 0.146008
733.455 0.151854
734.605 0.153341
735.756 0.141019
736.906 0.135899
738.056 0.140704
739.206 0.131566
740.356 0.12391
741.506 0.130541
742.656 0.128263
743.805 0.122842
744.954 0.120653
746.103 0.111025
747.252 0.125005
748.401 0.118018
749.55 0.1199
750.698 0.112999
751.846 0.118912
752.995 0.108061
754.142 0.102408
755.29 0.107878
756.438 0.0994039
757.585 0.102383
758.733 0.101156
759.88 0.101378
761.027 0.100283
762.173 0.0992965
763.32 0.0970473
764.467 0.0970147
765.613 0.0969081
766.759 0.0957443
767.905 0.100834
769.051 0.100046
770.196 0.0933198
771.342 0.0952258
772.487 0.10346
773.632 0.0956022
774.777 0.0926276
775.922 0.09149
777.067 0.093866
778.211 0.0915861
779.356 0.0925884
780.5 0.092946
781.644 0.0947878
782.788 0.0924307
783.932 0.0942867
785.075 0.0956583
786.218 0.100042
787.362 0.1009
788.505 0.0942247
789.648 0.0925506
790.79 0.0916318
791.933 0.0942992
793.075 0.0950407
794.217 0.0980344
795.359 0.0911367
796.501 0.0926967
797.643 0.0967466
798.785 0.0960664
799.926 0.0910308
801.067 0.0934035
802.208 0.091512
803.349 0.0994218
804.49 0.0934354
805.631 0.0913609
806.771 0.0910928
807.911 0.0960259
809.051 0.10086
810.191 0.0938387
811.331 0.093889
812.471 0.0942651
813.61 0.0915904
814.749 0.0965331
815.888 0.0978748
817.027 0.0956913
818.166 0.100053
819.305 0.0915229
820.443 0.0950801
821.582 0.0963213
822.72 0.098404
823.858 0.0930518
824.995 0.0950247
826.133 0.0973042
827.271 0.0924242
828.408 0.100272
829.545 0.0925407
830.682 0.0922465
831.819 0.0932628
832.956 0.0922333
834.092 0.0936407
835.228 0.0926594
836.365 0.0925304
837.501 0.0977186
838.636 0.0933063
839.772 0.0962251
840.908 0.0933976
842.043 0.0952591
843.178 0.0951471
844.313 0.0909737
845.448 0.094271
846.583 0.0954494
847.717 0.0934502
848.852 0.100152
849.986 0.0961796
851.12 0.0922792
852.254 0.104908
853.387 0.0922832
854.521 0.0940477
855.654 0.0943738
856.788 0.0993953
857.921 0.0995291
859.054 0.0970296
860.186 0.0933245
861.319 0.0998361
862.451 0.100032
863.584 0.0910562
864.716 0.108229
865.848 0.0943602
866.979 0.0971719
868.111 0.100582
869.242 0.105717
870.374 0.105628
871.505 0.10155
872.636 0.104497
873.766 0.103383
874.897 0.0989603
876.028 0.100997
877.158 0.0956659
878.288 0.097696
879.418 0.104758
880.548 0.104602
881.677 0.104143
882.807 0.0966171
883.936 0.109379
885.065 0.10861
886.194 0.105098
887.323 0.112174
888.452 0.0983954
889.58 0.105957
890.709 0.105549
891.837 0.0960452
892.965 0.111488
894.093 0.107314
895.22 0.10276
896.348 0.107298
897.475 0.109202
898.602 0.101183
899.729 0.115106
900.856 0.111365
901.983 0.110402
903.109 0.105153
904.236 0.108924
905.362 0.117106
906.488 0.121543
907.614 0.122305
908.74 0.10905
909.865 0.114059
910.99 0.111745
912.116 0.109118
913.241 0.116605
914.366 0.111054
915.49 0.114342
916.615 0.119958
917.739 0.115426
918.864 0.112545
919.988 0.109978
921.112 0.114231
922.235 0.104727
923.359 0.113934
924.482 0.115691
925.606 0.118054
926.729 0.10957
927.852 0.111969
928.974 0.108163
930.097 0.110759
931.219 0.110628
932.342 0.110722
933.464 0.111491
934.586 0.111726
935.708 0.109665
936.829 0.114543
937.951 0.115866
939.072 0.120405
940.193 0.124183
941.314 0.121731
942.435 0.112899
943.556 0.115149
944.676 0.117823
945.796 0.111795
946.917 0.11271
948.037 0.106826
949.156 0.107643
950.276 0.113779
951.396 0.112307
952.515 0.106003
953.634 0.111292
954.753 0.113952
955.872 0.104667
956.991 0.111543
958.109 0.115703
959.228 0.110722
960.346 0.10779
961.464 0.101627
962.582 0.111643
963.699 0.108511
964.817 0.108489
965.934 0.109907
967.051 0.111436
968.169 0.120659
969.285 0.109196
970.402 0.102673
971.519 0.105432
972.635 0.113687
973.751 0.10831
974.867 0.10596
975.983 0.104748
977.099 0.103201
978.215 0.106833
979.33 0.113683
980.445 0.112047
981.56 0.11003
982.675 0.106012
983.79 0.106005
984.905 0.114898
986.019 0.126529
987.134 0.111427
988.248 0.12057
989.362 0.10967
990.475 0.109035
991.589 0.114268
992.702 0.105071
993.816 0.098847
994.929 0.117778
996.042 0.098957
997.155 0.109294
998.267 0.106986
999.38 0.104345
1000.49 0.108263
1001.6 0.105027
1002.72 0.114306
1003.83 0.107602
1004.94 0.114047
1006.05 0.11213
1007.16 0.118041
1008.27 0.112146
1009.39 0.106064
1010.5 0.107517
1011.61 0.104828
1012.72 0.11623
1013.83 0.107403
1014.94 0.123825
1016.05 0.116646
1017.16 0.114783
1018.27 0.112705
1019.38 0.108571
1020.49 0.103269
1021.59 0.105567
1022.7 0.11268
1023.81 0.106477
1024.92 0.107788
1026.03 0.113647
1027.14 0.112185
1028.25 0.110793
1029.35 0.118022
1030.46 0.113772
1031.57 0.114111
1032.68 0.113506
1033.79 0.110903
1034.89 0.111806
1036 0.109001
1037.11 0.109996
1038.21 0.11251
1039.32 0.107514
1040.43 0.120847
1041.53 0.116627
1042.64 0.12076
1043.74 0.117559
1044.85 0.11571
1045.96 0.117317
1047.06 0.114039
1048.17 0.109032
1049.27 0.123036
1050.38 0.106755
1051.48 0.116777
1052.59 0.114473
1053.69 0.11217
1054.8 0.120161
1055.9 0.112051
1057 0.120192
1058.11 0.124726
1059.21 0.111298
1060.31 0.117714
1061.42 0.116311
1062.52 0.117534
1063.63 0.123185
1064.73 0.1225
1065.83 0.125465
1066.93 0.12361
1068.04 0.118217
1069.14 0.113656
1070.24 0.115957
1071.34 0.116507
1072.44 0.118486
1073.55 0.118813
1074.65 0.115983
1075.75 0.118039
1076.85 0.115058
1077.95 0.110578
1079.05 0.112034
1080.15 0.114168
1081.25 0.114935
1082.35 0.11624
1083.45 0.116786
1084.55 0.117334
1085.65 0.118045
1086.75 0.117971
1087.85 0.116832
1088.95 0.115943
1090.05 0.114027
1091.15 0.11016
1092.25 0.109686
1093.34 0.114088
1094.44 0.103907
1095.54 0.1147
1096.64 0.118957
1097.74 0.107893
1098.83 0.119067
1099.93 0.127836
1101.03 0.113383
1102.13 0.108176
1103.22 0.101392
1104.32 0.111105
1105.42 0.106729
1106.52 0.114604
1107.61 0.111282
1108.71 0.099653
1109.8 0.108952
1110.9 0.114509
1112 0.116526
1113.09 0.104399
1114.19 0.110918
1115.28 0.10974
1116.38 0.108658
1117.47 0.117372
1118.57 0.111264
1119.66 0.111406
1120.76 0.111756
1121.85 0.108839
1122.95 0.110788
1124.04 0.107401
1125.13 0.10409
1126.23 0.108595
1127.32 0.10492
1128.41 0.10483
1129.51 0.102571
1130.6 0.102043
1131.69 0.0993164
1132.79 0.103709
1133.88 0.101303
1134.97 0.108065
1136.06 0.11152
1137.16 0.111143
1138.25 0.102499
1139.34 0.107608
1140.43 0.0998662
1141.52 0.107381
1142.61 0.0991129
1143.7 0.0988121
1144.8 0.104148
1145.89 0.105726
1146.98 0.100015
1148.07 0.108959
1149.16 0.107381
1150.25 0.0975374
1151.34 0.103927
1152.43 0.0983664
1153.52 0.0922052
1154.61 0.0955217
1155.7 0.101686
1156.79 0.108227
1157.87 0.0969566
1158.96 0.106955
1160.05 0.0938812
1161.14 0.102452
1162.23 0.098998
1163.32 0.100655
1164.41 0.096976
1165.49 0.0967554
1166.58 0.0931014
1167.67 0.0954835
1168.76 0.0913532
1169.84 0.0909878
1170.93 0.0927875
1172.02 0.0916636
1173.1 0.101662
1174.19 0.0943762
1175.28 0.0964091
1176.36 0.100396
1177.45 0.0926595
1178.54 0.0952189
1179.62 0.0934338
1180.71 0.101539
1181.79 0.0941026
1182.88 0.101396
1183.96 0.10142
1185.05 0.0973452
1186.13 0.0987019
1187.22 0.0984808
1188.3 0.0932247
1189.39 0.099016
1190.47 0.0958739
1191.55 0.0957918
1192.64 0.0982743
1193.72 0.0932357
1194.8 0.0967007
1195.89 0.0930067
1196.97 0.0996345
1198.05 0.0921027
1199.14 0.0956533
1200.22 0.0937545
1201.3 0.092873
1202.38 0.0935491
1203.46 0.10159
1204.55 0.0973067
1205.63 0.100914
1206.71 0.103253
1207.79 0.0976641
1208.87 0.104749
1209.95 0.0931767
1211.04 0.0943518
1212.12 0.0929582
1213.2 0.0973357
1214.28 0.10207
1215.36 0.103263
1216.44 0.0915084
1217.52 0.0956236
1218.6 0.093617
1219.68 0.0913103
1220.76 0.0991958
1221.84 0.0935175
1222.92 0.0960233
1224 0.0963137
1225.07 0.100754
1226.15 0.0960176
1227.23 0.0958724
1228.31 0.0952608
1229.39 0.0963842
1230.47 0.0956289
1231.55 0.092544
1232.62 0.0989284
1233.7 0.0939407
1234.78 0.0976423
1235.85 0.1038
1236.93 0.0918457
1238.01 0.0951476
1239.09 0.0970969
1240.16 0.0924326
1241.24 0.0999433
1242.31 0.0930247
1243.39 0.0969835
1244.47 0.0964005
1245.54 0.0972994
1246.62 0.0994017
1247.69 0.0960841
1248.77 0.101411
1249.84 0.0914048
1250.92 0.0974435
1251.99 0.10525
1253.07 0.109315
1254.14 0.109838
1255.22 0.0962165
1256.29 0.100862
1257.37 0.0981864
1258.44 0.0952108
1259.51 0.102427
1260.59 0.0909546
1261.66 0.0979183
1262.73 0.0923323
1263.81 0.0975076
1264.88 0.0994514
1265.95 0.1035
1267.03 0.107022
1268.1 0.0978431
1269.17 0.0980587
1270.24 0.0994335
1271.31 0.0958793
1272.39 0.102238
1273.46 0.0967422
1274.53 0.0951545
1275.6 0.0993536
1276.67 0.102876
1277.74 0.0992598
1278.81 0.104361
1279.88 0.0984898
1280.95 0.0918672
1282.02 0.0962171
1283.09 0.0983376
1284.16 0.100152
1285.23 0.0989366
1286.3 0.104861
1287.37 0.101016
1288.44 0.103634
1289.51 0.105876
1290.58 0.103083
1291.65 0.106166
1292.72 0.105322
1293.79 0.105152
1294.85 0.108071
1295.92 0.100271
1296.99 0.107324
1298.06 0.102577
1299.13 0.0999296
1300.19 0.0928542
1301.26 0.0975028
1302.33 0.102678
1303.4 0.104245
1304.46 0.103108
1305.53 0.106404
1306.6 0.110753
1307.66 0.0975161
1308.73 0.110736
1309.79 0.101257
1310.86 0.112746
1311.93 0.10665
1312.99 0.100929
1314.06 0.110089
1315.12 0.0982078
1316.19 0.0995535
1317.25 0.105033
1318.32 0.106454
1319.38 0.0984029
1320.45 0.101779
1321.51 0.0992179
1322.57 0.0945637
1323.64 0.0924543
1324.7 0.0926141
1325.77 0.0934095
1326.83 0.0949504
1327.89 0.0995324
1328.96 0.101157
1330.02 0.105211
1331.08 0.0940092
1332.14 0.101596
1333.21 0.102344
1334.27 0.103242
1335.33 0.1088
1336.39 0.106918
1337.45 0.0945901
1338.52 0.105935
1339.58 0.0995933
1340.64 0.101273
1341.7 0.10326
1342.76 0.099575
1343.82 0.109568
1344.88 0.0970529
1345.94 0.102838
1347 0.0980269
1348.06 0.0960514
1349.12 0.103297
1350.18 0.0949436
1351.24 0.0968969
1352.3 0.0980748
1353.36 0.105913
1354.42 0.109369
1355.48 0.103874
1356.54 0.101845
1357.6 0.0974862
1358.66 0.108083
1359.72 0.102072
1360.77 0.106882
1361.83 0.107823
1362.89 0.10542
1363.95 0.109706
1365.01 0.100765
1366.06 0.106705
1367.12 0.0994179
1368.18 0.108665
1369.23 0.106865
1370.29 0.0912576
1371.35 0.103038
1372.4 0.0998857
1373.46 0.0955427
1374.52 0.100343
1375.57 0.0910149
1376.63 0.107643
1377.68 0.107198
1378.74 0.106603
1379.8 0.0948856
1380.85 0.0951934
1381.91 0.102115
1382.96 0.10047
1384.02 0.112277
1385.07 0.10154
1386.12 0.111019
1387.18 0.103823
1388.23 0.107273
1389.29 0.100445
1390.34 0.0968495
1391.39 0.0990408
1392.45 0.0950743
1393.5 0.0964358
1394.55 0.0952467
1395.61 0.0996947
1396.66 0.103993
1397.71 0.0973193
1398.76 0.102671
1399.82 0.102762
1400.87 0.101727
1401.92 0.104299
1402.97 0.105294
1404.02 0.0952415
1405.07 0.105481
1406.13 0.0985117
1407.18 0.0934216
1408.23 0.112306
1409.28 0.0930133
1410.33 0.0947563
1411.38 0.10252
1412.43 0.0940513
1413.48 0.107002
1414.53 0.0986851
1415.58 0.100064
1416.63 0.100629
1417.68 0.0989124
1418.73 0.098267
1419.78 0.101077
1420.83 0.102986
1421.88 0.105271
1422.93 0.104702
1423.97 0.105036
1425.02 0.101538
1426.07 0.104354
1427.12 0.0990546
1428.17 0.104052
1429.21 0.102512
1430.26 0.1015
1431.31 0.104247
1432.36 0.0982016
1433.4 0.0926838
1434.45 0.104227
1435.5 0.0930763
1436.54 0.108606
1437.59 0.107529
1438.64 0.0938276
1439.68 0.103511
1440.73 0.100358
1441.77 0.0974088
1442.82 0.0975429
1443.86 0.0965927
1444.91 0.100298
1445.95 0.0991627
1447 0.100285
1448.05 0.104546
1449.09 0.102419
1450.13 0.104123
1451.18 0.113414
1452.22 0.105193
1453.27 0.107116
1454.31 0.105436
1455.35 0.0986218
1456.4 0.0990229
1457.44 0.0916839
1458.48 0.0944157
1459.53 0.101732
1460.57 0.108902
1461.61 0.0980356
1462.66 0.104756
1463.7 0.0964467
1464.74 0.0976071
1465.78 0.0989951
1466.82 0.0961831
1467.87 0.103954
1468.91 0.097456
1469.95 0.102457
1470.99 0.106558
1472.03 0.106152
1473.07 0.0917793
1474.11 0.102184
1475.15 0.0950095
1476.19 0.104079
1477.23 0.0987493
1478.27 0.0960971
1479.31 0.103368
1480.35 0.0956845
1481.39 0.0957427
1482.43 0.10482
1483.47 0.103302
1484.51 0.101034
1485.55 0.103952
1486.59 0.0955988
1487.63 0.102878
1488.67 0.119552
1489.7 0.104589
1490.74 0.10778
1491.78 0.101945
1492.82 0.0959275
1493.86 0.0981031
1494.89 0.0978813
1495.93 0.0917221
1496.97 0.100069
1498.01 0.0916637
1499.04 0.0916565
1500.08 0.104825
1501.11 0.0996491
1502.15 0.0986831
1503.19 0.0958395
1504.22 0.0944511
1505.26 0.105562
1506.3 0.0958835
1507.33 0.0979297
1508.37 0.105087
1509.4 0.0941341
1510.44 0.0987344
1511.47 0.0916343
1512.51 0.0976415
1513.54 0.10773
1514.58 0.102864
1515.61 0.101047
1516.64 0.10912
1517.68 0.113454
1518.71 0.114249
1519.75 0.100899
1520.78 0.10582
1521.81 0.103423
1522.85 0.100728
1523.88 0.108227
1524.91 0.106094
1525.94 0.109641
1526.98 0.0993909
1528.01 0.099742
1529.04 0.101977
1530.07 0.0991796
1531.1 0.107808
1532.14 0.102236
1533.17 0.0989214
1534.2 0.10801
1535.23 0.104777
1536.26 0.106057
1537.29 0.0929885
1538.32 0.102891
1539.35 0.0942338
1540.39 0.103044
1541.42 0.101562
1542.44 0.10279
1543.47 0.107178
1544.51 0.0981189
1545.53 0.0983482
1546.56 0.0995194
1547.59 0.100997
1548.62 0.101162
1549.65 0.109119
1550.68 0.11334
1551.71 0.114029
1552.74 0.10058
1553.77 0.105407
1554.79 0.102922
1555.82 0.100146
1556.85 0.107572
1557.88 0.0962277
1558.9 0.103517
1559.93 0.103387
1560.96 0.103598
1561.99 0.0958231
1563.01 0.0922009
1564.04 0.093821
1565.07 0.101743
1566.09 0.109406
1567.12 0.113354
1568.15 0.113794
1569.17 0.100127
1570.2 0.104769
1571.22 0.0973746
1572.25 0.0936445
1573.27 0.0963367
1574.3 0.0969574
1575.32 0.0970587
1576.35 0.0966699
